0.1217258770568484
0.2823621434377721
0.7761708394227048
-0.39911703542282106
-0.4149511619317626
-0.9497331712346069
-0.6617433147965099
-2.884645325029742E-19
-2.24283367560965E-18
4.2683336750976956E-08
-4.762265979233912E-13
-2.0293437522460857E-16
-6.178810834997629E-16
1.0979611436745384E-16
1.1583574200227608E-17
-2.251469185047433E-05
-1.961241069700312E-17
2.6369190752074548E-21
5.2806752564886836E-17
3.530174111624496E-14
-2.5382238657616736E-12
-5.741373502609722E-14
3.0707657096820954E-13
1.212733981367427E-06
-9.396315984324546E-06
-9.652100348015157E-15
-3.623481337157003E-13
0.2517456865827895
1.0804771923454938E-07
0.010669257677202093
-0.06514647082078542
0.31974691518997617
1.087543367851581
0.16482138025943785
0.2670831579123356
-0.0880350487353501
-3.098623230520454E-19
3.2164563633186672E-18
2.8570786322274744E-08
-3.390541016757305E-13
1.7126444829703817E-16
4.682750854542974E-16
1.159052588429941E-16
3.701002054322018E-17
-5.310190210666489E-06
-3.765081821055007E-18
1.4736088521797986E-20
-2.6597541840093828E-17
6.848827733390177E-14
4.922210175892495E-12
1.153947506580493E-13
-5.821538131075473E-13
1.0970551121116418E-06
-1.2129522574841888E-05
-9.652100348015157E-15
-3.623481337157003E-13
0.2517456865827895
-1.22818932606973E-07
0.6030322220244905
0.3260386295516246
-0.8964173823537244
-0.3364871548432627
-0.5524652789449976
0.6716283107540776
0.5005142602353387
2.411744171641942E-19
-3.0437765948133577E-18
5.728196138436872E-08
3.621442477401447E-13
-3.596039506123041E-16
4.245918414597131E-16
-1.9051989250729332E-17
-3.592775561744117E-16
-1.0072043823889895E-05
2.208320230284909E-18
-5.735128194989908E-21
1.2209318579667964E-17
-2.8017593275138188E-14
-8.723899569449115E-13
-6.374135261785975E-14
6.037419570096854E-13
-4.478054934836365E-07
-1.1798805091408795E-05
5.236451396053062E-14
1.978848669002823E-13
0.12791727615981924
-1.6393886312629592E-08
0.7773370601295415
0.47230930983138564
0.08306955955962883
0.02908149913706555
-0.003992923499729988
2.0194256397863697
-0.12554350089661004
-4.643552656616936E-19
1.9205209185974983E-18
-2.6977659253015503E-08
2.823409381488794E-13
5.004527180648315E-16
-3.720215988622379E-16
1.4113280007535595E-17
-1.4366225856862908E-16
-6.7669631528132845E-06
-2.2360334473652665E-18
-1.9645414638031828E-21
-1.9603409388805115E-17
2.7475893388659617E-14
1.909491586259437E-12
1.876450700438095E-13
3.0116212261674907E-12
1.356681137544974E-06
-1.374650569940142E-05
-9.652100348015157E-15
-1.9539418773879638E-13
-0.2318078378298877
1.0578491735350718E-07
1.180708510750615
-0.5139507101787444
-0.9857407187750172
0.12175447641266383
0.06051644515529066
0.16990814055095715
-0.6452188238696807
-3.0451991155892754E-19
3.2164563633186672E-18
4.2683336750976956E-08
-6.905553839982278E-13
2.0293437522460857E-16
5.123541605821228E-16
1.5636164054077748E-16
3.395851451922781E-17
5.310190210666489E-06
2.9202630909719528E-18
-1.4736088521797986E-20
4.707035673072297E-17
4.93287695152619E-14
7.231650993096467E-12
-1.153947506580493E-13
5.821538131075473E-13
-1.0970551121116418E-06
1.2129522574841888E-05
9.652100348015157E-15
3.623481337157003E-13
0.2517456865827895
-1.0804771923454938E-07
-0.584267956341977
0.36986733766033203
-0.93000052208755
-0.6573684433118825
0.5997120951379247
0.3905535091614873
0.6505113810858612
-2.9270559799560375E-19
2.0533635402191494E-17
3.532059702416702E-07
4.153487689504224E-13
4.650799335514517E-16
-2.7056376809091457E-16
3.18783760841194E-17
5.614190262106073E-18
2.6602774340711354E-05
-7.298645492673626E-18
-2.647245065592643E-21
1.9181868244246785E-17
3.5383358703048765E-14
-1.5421641991456157E-12
1.2926370906432456E-13
1.0064662332680756E-12
-8.306773433106193E-07
4.822264248695848E-06
1.2749229376315684E-14
-3.960723219260143E-13
0.05629995430942532
-8.466264502266097E-08
-0.5217737042562209
0.2174728333286684
0.25098861265845906
-0.21920887774140918
0.07791303642578629
0.6478640438661318
-0.7546774541506165
-4.682822958340951E-19
2.7447953339262294E-18
-2.778839188487954E-07
-2.67125902141183E-13
1.1285842908231972E-16
-1.741052226739634E-16
-7.191820338025785E-17
-1.5373924580157017E-16
-5.866262850758251E-06
-3.3616065429598413E-18
-1.0286700891973369E-20
8.61347645954835E-18
5.96847956956702E-14
7.724017160340158E-13
-5.878734807533006E-14
3.8920274157438137E-13
-8.51311764102471E-07
-1.1050876409462192E-05
1.2986240677254218E-14
4.517781522308421E-13
-0.12855945632538604
-9.488882018889282E-09
0.06282709843989095
0.5904511413429102
0.19273985380256278
0.8329960109556375
0.8562132194785906
0.3834591454237324
-0.3094460954624253
-2.1334363372217328E-19
-6.514708581163629E-18
-1.3956112442256207E-07
5.125889841251035E-13
3.059189760637609E-16
-3.705179520062381E-16
-4.7496678104641006E-17
-4.4072129626326594E-18
1.3676241820755495E-05
1.5546619888261387E-17
-2.5965798971886958E-21
2.779208130330894E-17
3.817341768447083E-14
-1.653746581372593E-12
1.3740841723367763E-13
-1.2991632968856969E-12
-5.912270349100186E-07
1.0470696182799724E-05
-9.652100348015157E-15
-1.9539418773879638E-13
-0.1356320395541404
7.361694483110065E-08
-0.6324810979509732
-0.8002892565421256
0.0583451796711424
0.09719200962618693
0.008970500058939148
1.0826672451067179
0.2991890835544087
-3.6611441071400316E-19
-4.366873870901162E-18
-1.3956112442256207E-07
5.206518179673923E-13
-3.9758293317325034E-16
3.8204751720488553E-16
-3.411080413492624E-17
-1.7787303897372602E-16
-7.116062037920772E-06
-3.0631202657185975E-18
5.7594995335758245E-21
2.1281593637071813E-17
3.9971594761446357E-14
8.804126537479796E-13
-6.374135261785975E-14
4.5046410291628076E-13
1.023723639510805E-06
-1.5767986647896617E-05
-2.5576922132927555E-14
4.517781522308421E-13
-0.12855945632538604
-1.768026003035395E-08
0.7000340439110151
-1.3137252527481869
1.0105825131159951
-1.2525448735500884
-0.9413321682639384
0.48059803544256746
-0.039024868541239946
4.1301439779147976E-19
3.251601478976881E-17
1.1771903170733369E-07
-8.849419836028494E-13
-1.7937361649914038E-16
-1.9912195025567306E-16
5.067412697357479E-17
-1.5738511389817736E-16
1.1131126736237836E-05
-1.622098972031972E-18
-1.1077617066053312E-20
1.1985390053887105E-17
1.5679029051584912E-14
1.436710854063173E-12
-1.3862145849919867E-13
-1.9168549036148502E-12
6.697231038067799E-07
1.1361394021023488E-05
1.415704947169531E-14
6.023033713636278E-13
0.10250218836387918
-6.663755349842893E-08
0.0356078037089336
-0.5904511413429102
-0.19273985380256278
1.1627060933922448
-0.7411840261868183
-0.4028871457974032
0.3137161522086097
-2.1334363372217328E-19
6.514708581163629E-18
1.3956112442256207E-07
-4.769258640179291E-13
3.059189760637609E-16
2.5568871613484495E-16
-4.0012248161962994E-17
2.72258874003627E-18
9.96587162903237E-06
-2.323632942770729E-17
2.5965798971886958E-21
2.8659898115279224E-17
-2.244967306370421E-14
-1.0212427990203148E-12
-1.153947506580493E-13
7.250111149615005E-13
-1.0970551121116418E-06
1.2129522574841888E-05
9.652100348015157E-15
1.9539418773879638E-13
-0.1356320395541404
7.361694483110065E-08
-0.5590980841286437
0.2567835097685158
1.2776112369705994
-0.33295359785789425
0.3842705577838933
0.38495597572994067
-0.3658722462172748
1.372417533993825E-19
-3.753372124715124E-18
5.581459319937426E-08
3.700774068848737E-13
-3.925896165812414E-16
-1.9999505082095652E-16
1.279313255349162E-17
-7.141682836197823E-18
-2.251469185047433E-05
-2.0026012018495945E-17
2.6369190752074548E-21
-5.2806752564886836E-17
2.7846823452931728E-14
-2.5382238657616736E-12
0.14971964637888918
1.150675063677574
-0.5430684615098207
0.1406152587228255
-9.652100348015157E-15
-3.623481337157003E-13
0.2517456865827895
1.0804771923454938E-07
0.06796073539500729
-0.7596749859050772
-0.26770558291198004
1.1974968956522987
1.0772812023231637
0.123706198161277
0.18752266360605815
2.8391565538447428E-19
-1.9254266531528523E-18
2.2510206036063164E-07
-1.6011446540306875E-13
1.20333607738764E-16
-1.6106184185218788E-16
-7.191820338025785E-17
-1.1390693183447195E-16
5.866262850758251E-06
3.802406064992209E-18
-6.253356016257684E-21
-8.61347645954835E-18
-5.96847956956702E-14
7.65019592069475E-13
-1.3740841723367763E-13
-1.815453275209243E-12
4.5360060547849215E-07
-1.425430728787669E-05
1.2986240677254218E-14
-4.517781522308421E-13
-0.12855945632538604
9.488882018889282E-09
0.3437859926763627
0.8919215262378498
0.9791378965016465
-0.6144351513730841
0.5833871063745044
-0.5630675210701468
-0.37773421275353786
5.483127260880171E-19
-2.5645897107434366E-18
2.1625248152707784E-07
4.028162383654673E-13
2.995820560020932E-16
-2.9090911179578904E-16
2.1783534012385258E-17
-1.1604327654804586E-16
-2.4196351763595975E-06
-1.4905346574379374E-18
-1.1812996338769618E-20
2.796713321734724E-17
-4.5276951830076834E-14
4.578680046774547E-13
-4.5135382391840795E-14
5.969871965053504E-13
8.869477245371414E-07
2.3210354645221396E-05
1.2986240677254218E-14
-4.517781522308421E-13
0.12855945632538604
-9.488882018889282E-09
0.006329525163625351
-0.03753952942899935
-0.2468721754733346
0.9930425316251111
0.17431751222162048
-0.2910671211895585
0.05989552601305154
-4.761408616597244E-19
3.6802355152798454E-18
-2.64302938609455E-08
2.9215925179997466E-13
1.3906732205947773E-16
-3.3946476149798654E-16
-2.0862763794746018E-16
-1.3331439741120563E-16
-4.76753093989075E-06
1.3913824248106383E-18
-6.0008860662561236E-21
1.0109141570713804E-17
-1.2937513188309729E-14
4.786181310735569E-13
6.257220040689358E-14
-5.821538131075473E-13
1.0970551121116418E-06
1.1025981851984772E-05
1.415704947169531E-14
-6.023033713636278E-13
0.10250218836387918
6.663755349842893E-08
0.584267956341977
-0.24803327674355727
0.708493244664915
0.40405104936853253
-0.8151218846017142
-0.4131716767951814
0.7044564031119596
1.370512642881403E-19
3.076159406389765E-17
-3.532059702416702E-07
3.9628290878621383E-13
-3.4265244023184594E-16
-2.078255904335862E-16
-2.3529142537723422E-17
5.250993648195624E-18
1.656806668347765E-05
-1.3975973101123373E-17
-3.288865207522986E-21
1.9441238351647667E-17
2.2446753272790678E-14
-2.1094784621780074E-12
1.1142895303894539E-13
8.644445162758755E-13
-1.1008463604447085E-06
-7.165380779268461E-06
-1.2749229376315684E-14
-3.960723219260143E-13
-0.05629995430942532
-8.466264502266097E-08
0.32346807468240335
0.8692081496504701
1.0146790600927724
0.6186103103616744
0.5833871063745044
-1.1032445378857072
0.5251117332026155
4.643552656616936E-19
-1.734783999264017E-18
-3.243105203297587E-08
3.332660966700506E-13
-5.004527180648315E-16
-3.720215988622379E-16
1.945135053058213E-17
-1.0835067008171046E-16
-4.125016625361362E-06
-2.2360334473652665E-18
1.1474161330570766E-21
2.3113002045894694E-17
-1.9737617164051125E-14
-2.1795257317041846E-12
-5.878734807533006E-14
3.8920274157438137E-13
8.51311764102471E-07
1.1050876409462192E-05
-1.2170321102660893E-14
-1.6866152740217204E-13
-0.22956154269821882
1.5350651909329263E-07
0.7773370601295415
0.3304607879714969
0.08306955955962883
0.032106315655454874
-0.003992923499729988
2.0194256397863697
-0.1645708931050518
4.643552656616936E-19
-1.9205209185974983E-18
-2.6977659253015503E-08
-2.823409381488794E-13
5.004527180648315E-16
3.720215988622379E-16
-1.4113280007535595E-17
-1.7446593879274336E-16
-9.508910848347304E-06
-1.3799175155008703E-18
2.553366701711454E-21
1.9603409388805115E-17
3.655726300023628E-14
-1.6109686857156603E-12
4.2475146699269343E-14
-3.359883213145147E-13
-6.458589956251344E-07
1.2024524095418211E-05
1.327700703097489E-14
-2.761848332194308E-13
0.2318078378298877
1.29577022727417E-07
-0.5461354226075842
-0.47230930983138564
0.08306955955962883
0.039226891401224324
0.0030723991045521954
2.818252750714206
0.12554350089661004
-2.811410126528273E-19
1.9205209185974983E-18
-1.3410144991954332E-08
3.054710578624724E-13
6.932553012686257E-16
2.2263619102836337E-16
1.1994836817952776E-17
-1.1252965307702541E-16
-8.093170293413875E-06
2.2360334473652665E-18
2.885222283047182E-21
-2.0371496629117594E-17
-2.7899862902575286E-14
1.909491586259437E-12
-1.8263058962007346E-13
-6.189194318036912E-12
1.4731637570229413E-06
1.374650569940142E-05
-9.652100348015157E-15
1.9539418773879638E-13
-0.2318078378298877
1.0578491735350718E-07
-0.5440849729327397
-0.7841875330261416
0.5910044427007503
-0.03815329198734369
0.4813634007913475
-0.46594153629550056
-0.6313614080352066
3.098623230520454E-19
-1.9525170344503415E-18
3.811189936645677E-08
3.120253095083296E-13
1.7126444829703817E-16
6.955217360312452E-16
1.159052588429941E-16
2.831161762749046E-17
3.1108481677267507E-06
-5.2197456674079415E-18
1.4984762673274673E-20
-1.4981244266617704E-17
4.2492111861027613E-14
-5.829140001116578E-12
1.2763348185515128E-13
-3.986467820348992E-13
6.781062845614546E-07
1.8906761290563275E-05
9.652100348015157E-15
3.623481337157003E-13
-0.2517456865827895
-1.22818932606973E-07
-0.575921278866775
0.3260386295516246
0.8964173823537244
0.3364871548432627
-0.30909030692567174
-0.6716283107540776
-0.5005142602353387
2.411744171641942E-19
3.0437765948133577E-18
7.172934882157471E-08
-3.621442477401447E-13
3.596039506123041E-16
4.245918414597131E-16
2.43748220594675E-17
5.018706743586424E-16
1.1862960094879396E-05
2.480901071374745E-18
7.151547968393824E-21
-1.5098050139724373E-17
-3.395652142507483E-14
5.85416620681807E-13
0.32562694913740875
-0.8357313947330496
-1.2538360250378824
-0.3594593715068271
-0.38514992882765325
-0.2167910636935145
0.42243761326900575
0.07634423013420585
-0.20243753564587505
0.09851670539570255
0.16768809933300877
-0.0718897293615531
0.020771886896125618
-0.03336711618850385
-0.360065047469124
-0.36051895959096864
-0.6942108132032401
0.8852083641006443
-0.1563768761645765
0.46756348880100745
0.6527539278329337
-0.8140229775328449
-1.4366225856862908E-16
-4.870560713121091E-06
-1.4181891268957924E-18
-2.622485399971315E-21
1.9603409388805115E-17
2.7475893388659617E-14
-1.909491586259437E-12
0.023544702528878254
-0.03805918773323701
-0.38639438011847344
-0.9139852541424335
-9.652100348015157E-15
-1.1404047645830618E-13
-0.2318078378298877
1.0578491735350718E-07
0.7773370601295415
0.47230930983138564
0.08306955955962883
0.02908149913706555
0.003992923499729988
2.0194256397863697
0.12554350089661004
4.643552656616936E-19
-2.6899625946027537E-18
1.822410623291533E-08
-2.735022158910904E-13
-7.291667433633773E-16
-2.3460751043290225E-16
-7.476925420321428E-18
9.95648154410274E-17
6.7669631528132845E-06
9.369584230500793E-19
-1.9645414638031828E-21
1.5936513438039524E-17
2.6779406694534232E-14
1.170783368674047E-12
-0.6223675680659007
0.7801100719376517
0.04482384490764191
0.5269722258277727
-1.2666748301492648E-14
-1.3674977791010325E-13
-0.32913904251530507
1.0578491735350718E-07
0.6523795575656295
0.4727287055586977
-0.1565880746312298
-0.6776356654783962
-0.14075415026048496
1.2404129277747002
0.753890790408499
0.28367315629517864
-0.17853834807410318
-0.03873907416866944
-0.523406069321216
-0.21649711361328383
-0.4355202456655407
-0.2924256487701686
-1.5726865106490186E-16
8.762405458404985E-06
3.4465527343313317E-18
-7.87351495545995E-21
-8.61347645954835E-18
5.96847956956702E-14
-4.873157647339054E-13
5.878734807533006E-14
-4.056629483213325E-13
8.51311764102471E-07
8.621017191096265E-06
1.2986240677254218E-14
4.517781522308421E-13
-0.12855945632538604
9.488882018889282E-09
0.07965684346013949
0.15356776035057415
0.2657721349083728
0.4414239826809883
-0.6814606565070314
-0.006896781722568267
-0.2773919072018318
-1.9202998622864767E-19
2.193879839923127E-18
2.873563677629403E-08
-9.434414234478657E-13
-1.5081762068422192E-16
6.414040614281855E-16
9.796988316480951E-17
0.7049056303743076
0.3316497089944511
-0.22643020174656014
0.4827041094096116
0.394398132042473
-0.014470809777264051
0.9632522024243444
-0.40033030435001704
0.8362216784627061
-0.18020670219501156
0.6734533049003955
-0.3425771791091832
0.4581674468560486
-0.9274576788320485
-0.06145719551452515
0.6400538870154752
0.07495826918105553
-0.9326061300151465
-0.06963402033370596
0.2928033291600131
-0.8603581132770225
-0.03667285032268321
-0.15282948055563
-0.4266751139715237
-0.39038510497684054
-0.26920357947489815
1.1302800471023862
-0.25539844012533375
-0.5714279037869434
-3.701002054322018E-17
6.422172195251466E-06
4.949433666317127E-18
1.1385736063964218E-20
3.0703144485668796E-17
6.848827733390177E-14
4.922210175892495E-12
-0.352581788491515
-0.30464389470461817
-0.18420130335425022
0.24450592557878115
-1.032242084801527E-14
2.137046819300644E-13
0.2517456865827895
1.22818932606973E-07
-1.3255383000959602
0.619635161196146
-0.7548669129670641
-0.799168580230398
-0.08383175889289998
1.0857883720921415
-0.3452653374956788
-2.2680494629627303E-19
-4.1643831038338E-18
1.635401051862503E-07
-4.4978112255703497E-13
-3.059189760637609E-16
5.323554043178472E-16
4.7496678104641006E-17
3.3614628772390514E-17
-5.374262992849299E-06
-1.8586881813531633E-18
9.884502498601653E-21
1.020743537570207E-16
4.873808816715572E-14
-9.452184564069788E-12
-1.0410226329094707
0.21331847445803567
-0.021527514583563993
-1.021074933818926
1.2749229376315684E-14
-5.572077611611342E-13
0.07692855321617717
9.744687886203657E-08
0.6211843276755735
0.9533327123895349
-0.8714086767038204
-0.5850014922689613
1.2601622204088974
-0.5141730200298585
0.38893879640707907
-1.456768892496437
-0.29310365857707105
0.07139203389791281
-0.2071613562007203
0.8812744584280199
-0.11754051546775615
-0.5303664297239293
1.1583574200227608E-17
2.4720052234729116E-05
2.41542420249638E-17
2.6369190752074548E-21
3.015299688873969E-17
-2.531194083958131E-14
-3.2973322618826443E-12
0.15046752938572094
0.8845567594634752
0.2006485786192096
-1.0094797459216076
-9.652100348015157E-15
-3.623481337157003E-13
-0.2517456865827895
-1.0804771923454938E-07
0.25533147858113386
-0.9160918373269031
-0.07165533889192988
0.0006389741145310646
0.19819410516297084
0.09052929283949827
0.7365860480792766
5.723780012666987E-19
1.855896602417765E-17
-7.044101686647972E-08
-8.621442572478809E-13
2.0765481056880762E-16
-1.9912195025567306E-16
5.373286683585526E-17
-2.321070849882264E-16
-1.4660222027369912E-05
8.82770681079544E-19
-1.1077617066053312E-20
1.390113509735637E-17
-1.2804194769673376E-14
-1.967947796684316E-12
1.7281151035847106E-13
6.369127005366964E-13
8.645281196244964E-07
-1.794579703724404E-05
-1.323098827317715E-14
-6.023033713636278E-13
0.06702592559947526
-6.663755349842893E-08
0.057440620484086574
-0.1896847682581578
0.1078324607246838
-0.3627529111851112
1.9081236447148886
-0.05973400436273776
0.8510292761471107
-1.8470015090889575E-19
1.8169042601881854E-18
-2.778839188487954E-07
-2.277994058450672E-13
-1.1285842908231972E-16
-2.757299758036389E-16
3.8535572271550635E-17
1.5806567126511656E-16
4.505390968541698E-06
-4.890286001450651E-18
1.288348900121832E-20
-6.875346328649857E-18
5.97509421260693E-14
6.00863945253102E-13
3.8434742284890545E-14
-2.9275727169596886E-13
7.504319143929427E-07
-1.1050876409462192E-05
1.2986240677254218E-14
6.111681180883129E-13
-0.18099092808848047
-9.488882018889282E-09
0.16898185042357652
-0.33478248680514794
-0.5402069853840317
0.49112939562715163
-0.2979791896791113
0.010327570626683505
-0.17892507702530602
0.8654064688746417
-0.3026152222600713
0.6746406229843593
0.19546548926696222
-0.5722956220303248
-0.5734992923640336
0.6729761328295784
-1.5373924580157017E-16
-5.866262850758251E-06
3.3616065429598413E-18
-1.0286700891973369E-20
-8.61347645954835E-18
-5.96847956956702E-14
7.724017160340158E-13
-0.40033030435001704
-0.8362216784627061
0.10059931021670243
0.6734533049003955
1.7872172025762286E-14
3.960219298499105E-13
-0.23672241855940127
-9.488882018889282E-09
-0.19422549621652735
0.3161415218833664
-0.19473431455719167
0.30093902502359965
-0.07758995755020433
-0.5006295188093697
-0.29872621511491576
-3.4846052667540247E-19
2.478767140767159E-18
3.740110583908442E-07
-5.707374840726267E-13
-1.5596914056328475E-16
-1.741052226739634E-16
3.143997801642286E-17
4.4072129626326594E-18
-1.3676241820755495E-05
1.5546619888261387E-17
2.5965798971886958E-21
2.779208130330894E-17
3.817341768447083E-14
1.653746581372593E-12
-0.6291760257453253
0.34813488805420534
0.04826353310233087
0.45152744807265427
-9.652100348015157E-15
-1.9539418773879638E-13
0.1356320395541404
7.361694483110065E-08
0.6826330474351813
-0.16408086832502056
-0.5397048447692765
0.9036705286625576
0.7614267379085258
-0.8898752308506142
0.1218432544601903
-0.4371837490479189
0.45377089475910504
0.6011680509523443
-0.3538693253928211
-0.13097749100147119
1.1006034549579236
-0.9521397348852265
3.395851451922781E-17
-5.310190210666489E-06
2.9202630909719528E-18
-1.4736088521797986E-20
4.707035673072297E-17
-4.93287695152619E-14
-7.231650993096467E-12
-0.7226247804734941
-0.9827862636224032
-0.3559229570948872
-1.1539915948640904
1.3156792717294312
-0.7802989052629633
0.3429676259080255
-0.03182302605888358
-0.1198946835902534
0.18711218754789805
-0.5282163932454681
1.1277415860774593
0.5415148943570691
1.2839387472356287
0.6024441771487833
-4.682822958340951E-19
2.5553378874185184E-18
-2.3358618902533344E-07
-2.9188352571948687E-13
-1.1285842908231972E-16
-1.741052226739634E-16
-7.191820338025785E-17
-7.800784736461102E-17
-5.866262850758251E-06
-3.3616065429598413E-18
-1.0477347388025752E-20
8.61347645954835E-18
8.353639032483473E-14
7.724017160340158E-13
5.878734807533006E-14
-3.8920274157438137E-13
8.51311764102471E-07
-1.1050876409462192E-05
1.1416371485108851E-14
2.885187452049387E-13
-0.1917561139767721
-1.3372887340887118E-08
0.17481529378705624
-0.31383525016081004
-0.5723902840284272
0.15773147523554717
-0.31286134458777576
0.12477901395106156
1.11018825489063
4.1771730849942714E-19
2.3309029633395743E-18
5.549019389742492E-08
-1.4285746398635615E-13
2.0297854423346518E-16
-5.280436504531436E-16
-2.819831184659845E-17
1.7787303897372602E-16
7.116062037920772E-06
3.0631202657185975E-18
1.0238243905372503E-20
-3.0968820119466393E-17
2.9139124401589646E-14
-6.26073182046793E-13
-0.2131258184821156
-0.9329255286908484
0.27821175030902756
0.7214362343950796
-2.651898842125041E-14
-3.977771766364637E-13
-0.15222523587416148
-1.768026003035395E-08
0.06455689246714215
0.40182906732499
0.20720335973377682
1.1854027057798988
0.3376522138034506
0.15412855186913244
0.24225620835570622
2.2574834362280217E-19
-9.220765152371882E-18
-7.77018877288608E-08
-3.101094648011595E-13
-4.3613509584784815E-16
3.386747229756162E-16
2.702001767465632E-17
-2.9620530090118184E-18
1.5371996809679188E-05
2.2865330728904708E-17
1.8469801842403386E-21
2.8336572723897863E-17
-2.3653981433892278E-14
1.8516636251979263E-12
-6.790537028984947E-14
-4.202524482934641E-13
-1.023723639510805E-06
1.5767986647896617E-05
-9.652100348015157E-15
-1.9539418773879638E-13
-0.1356320395541404
7.361694483110065E-08
0.04181465898800634
0.21359829022102916
0.8224781428912157
0.3525726111863732
0.462378116946099
-0.005623513308284416
0.22963615397923065
0.5987741685086415
0.1663730789746965
2.3357825084746873
0.010304727950239193
-0.335819743260271
1.2509439107449374
0.09376217237284412
-2.2599658418027384E-18
-1.5666189092908804E-05
-1.5546619888261387E-17
7.903454882985438E-22
2.969973014487323E-17
-3.1777817256039656E-14
-2.599664140614769E-12
-0.11989989811221431
0.44185013609724255
0.5386584931005141
-0.0016905210733602419
-9.652100348015157E-15
-2.0003162673470933E-13
-0.1356320395541404
7.361694483110065E-08
0.584267956341977
0.36986733766033203
0.93000052208755
0.6573684433118825
-0.5997120951379247
0.3905535091614873
0.6505113810858612
2.9270559799560375E-19
-2.0533635402191494E-17
-3.532059702416702E-07
4.153487689504224E-13
4.650799335514517E-16
2.7056376809091457E-16
-3.18783760841194E-17
-5.614190262106073E-18
-3.062454982468568E-05
7.298645492673626E-18
2.647245065592643E-21
1.79159541746873E-17
-5.099818768831415E-14
1.4623928655580054E-12
1.2926370906432456E-13
6.795967273746174E-13
-8.306773433106193E-07
4.822264248695848E-06
-1.2749229376315684E-14
3.960723219260143E-13
-0.05629995430942532
8.466264502266097E-08
0.32290817096897517
1.1315980505170742
-0.08891302752021035
-0.21662232993071784
1.0261589873519739
-0.002227625054142708
0.014943061423525165
-0.44451279830654866
-0.17862834067592
0.35671826333314
0.4175017695388288
0.1204077345509002
-0.08157303778370409
0.40410787086191374
1.5738511389817736E-16
-1.1131126736237836E-05
-1.622098972031972E-18
-1.3210166098203545E-20
1.1985390053887105E-17
-1.5679029051584912E-14
1.957745324846229E-12
0.8379538008281147
0.5051974819432442
-0.04338158181433512
-0.67186791476137
1.1845754127489845E-14
3.041712490115161E-13
0.10250218836387918
-6.904753345056604E-08
0.7936322580754576
-0.3432926394626185
0.4166737399078752
-0.11549230974564073
0.26540374089535296
-0.8803887092550755
0.6077233046105921
-0.41022882111481096
-0.8314362840990568
-0.32193071329994044
0.8448281184074169
0.511339415204523
-0.11180232971366233
0.09720315124418905
3.395851451922781E-17
6.6891693381604626E-06
-2.9202630909719528E-18
1.4736088521797986E-20
4.707035673072297E-17
-4.187341644657228E-14
1.0071564092915643E-11
-0.8930325071672511
0.7276684884283573
-0.5192152462271569
-0.41198242854379197
1.2124754340733286E-14
4.901179196238284E-13
0.2517456865827895
-1.0804771923454938E-07
0.28221319564387937
0.9106378960352957
0.769845678281687
-0.5596983710780713
0.3672030917577911
0.3694292405780253
0.6369691235728503
2.5408956375221563E-19
-3.177389893603184E-18
2.1844540088609153E-08
-8.980746506881391E-13
-2.0293437522460857E-16
4.624389536702945E-16
-1.3922254690922846E-16
0.45926383646408464
0.32478076665259886
-0.7590690552750655
-0.4235779320224944
-0.6499146023526888
-0.49770943175729726
-0.9935766819584035
0.66397458236866
-0.5118439513199309
0.5166148465111409
-0.7672775526516358
0.9786639365400642
-0.5755653126754658
-0.31526072390191695
-0.6785723667969907
0.7773370601295415
-0.47230930983138564
-0.09511133238945922
0.02908149913706555
0.003784713496405983
2.0194256397863697
0.11152795130630674
6.945558297548597E-19
-1.9205209185974983E-18
5.4442231955323776E-08
-2.274616251166898E-13
-5.004527180648315E-16
6.547317360641322E-16
-9.695973561936049E-18
2.1107908128432054E-16
-3.4900649669451596E-06
-1.2062396852681786E-18
-1.9645414638031828E-21
-1.9603409388805115E-17
3.077113729050265E-14
1.909491586259437E-12
-1.4023338493814637
-0.6221568210872137
0.14930166403671313
-0.20994020164550883
9.652100348015157E-15
4.760230459140652E-13
-0.24648836034972615
-1.690086932828756E-07
-0.9837651678808769
-0.7604489709268135
-0.7631708489630623
0.0814549963814858
-0.09478827197798302
0.0793718427113666
0.5598206162687336
-1.7186760135191674E-19
-3.0163134164279415E-18
2.885343147651191E-08
-4.2172146693546763E-13
1.610800960495689E-16
-6.634056467624122E-16
1.4273799785481997E-16
-2.396896842349423E-16
7.116062037920772E-06
3.0631202657185975E-18
5.133785033565248E-21
2.331219570437329E-17
3.1412512357678203E-14
5.069609190849497E-13
1.1732446599400632
2.4144989131328147
0.8587808334570818
-0.39156626580249193
9.652100348015157E-15
3.4944247990613775E-13
0.14459540801188298
-1.0804771923454938E-07
-0.7000340439110151
1.3137252527481869
1.0105825131159951
1.2525448735500884
-0.9413321682639384
-0.48059803544256746
0.039024868541239946
-4.1301439779147976E-19
-3.251601478976881E-17
1.1771903170733369E-07
-8.849419836028494E-13
-1.7937361649914038E-16
1.9912195025567306E-16
5.067412697357479E-17
1.6531030830141362E-16
1.1131126736237836E-05
1.622098972031972E-18
-1.2586347444000914E-20
-8.345192999207798E-18
1.8580411116771416E-14
1.436710854063173E-12
1.3862145849919867E-13
1.9168549036148502E-12
-6.697231038067799E-07
-1.1361394021023488E-05
7.4568751790827E-15
6.023033713636278E-13
0.10250218836387918
-6.663755349842893E-08
-0.04735322676371559
-1.3895728428550171
-0.7641517581922751
-0.22205439323566878
-0.21545931461981727
0.4131421370390991
0.10224456157992988
2.309131220812188E-19
2.1593505802331565E-18
-7.718456547459028E-08
6.178933351147741E-13
1.5898711505813274E-16
-4.088557415489568E-16
-2.7079355202567102E-17
0.48223529302250856
-0.004021911564103181
-0.400334654725864
-1.0864998209259378
-0.9299877373714657
0.07676390741861568
-0.13889394298982816
6.374135261785975E-14
6.623131970589449E-13
-7.814356379965323E-07
1.905875461287589E-05
1.145335890964821E-14
7.923375050739588E-13
0.10250218836387918
-8.797779056166383E-08
0.16847051971987337
-0.4950863226071829
0.5800200342025208
-0.4365316194314963
-0.25800429805969505
0.017782107344071818
-0.694691347820642
3.201433465028829E-19
-2.5071545848747145E-18
-2.6977659253015503E-08
2.823409381488794E-13
6.495967415758071E-16
-3.720215988622379E-16
1.2447956562788962E-17
-8.818932390618155E-17
8.39592234894051E-06
-2.7419286068186275E-18
1.749261739330645E-21
-3.0583642927604235E-17
-4.453649343016746E-14
-2.2806984571565535E-12
1.3702956430294485E-13
9.51986342882296E-13
7.071609357066135E-07
-1.2525085520597126E-05
7.168571396757481E-15
-2.373477952995424E-13
-0.1128635423598504
6.548225121065487E-08
-0.12877789877289947
-0.1130007162163244
-0.35933459630137726
-1.2884151953974288
-0.22789491698151618
-0.4749159122161953
-0.4086589553925277
-3.7279335381731107E-19
4.5335988267555565E-18
-2.6413253251676737E-08
-5.871412454471951E-13
8.71879973724171E-17
7.159224016621677E-16
1.874440487723549E-16
-2.7732665912252747E-17
-1.7996509650054733E-06
-1.0342162537296947E-18
-8.265343741859018E-21
-2.157972958019829E-17
-5.3813097501605724E-14
-1.6692268728223652E-11
1.153947506580493E-13
7.250111149615005E-13
1.0970551121116418E-06
-1.024798603405169E-05
9.652100348015157E-15
1.9539418773879638E-13
0.1356320395541404
-7.361694483110065E-08
-0.09999868910578891
0.2434909843884145
-0.6846574861622992
0.20327844649797933
0.8966582497887767
-0.01003124963760782
-0.34040079226339315
-2.1334363372217328E-19
-6.514708581163629E-18
-1.3956112442256207E-07
5.125889841251035E-13
-3.059189760637609E-16
-3.705179520062381E-16
-4.7496678104641006E-17
-4.4072129626326594E-18
1.3676241820755495E-05
1.5546619888261387E-17
-2.5965798971886958E-21
-2.779208130330894E-17
3.817341768447083E-14
1.653746581372593E-12
-9.13976206624184E-14
-1.1770107770421703E-13
1.2513500168958004E-06
-2.047135286179999E-05
-6.800305946710254E-15
-1.4246999215528738E-13
-0.07243555528814466
7.82682075548149E-08
0.8308771626529922
0.27858530772639306
-0.2853312503194675
-0.29772744559868125
-1.3211539772238594
0.8833021695531661
-0.3276886182799259
-3.0451991155892754E-19
-3.2164563633186672E-18
-4.2683336750976956E-08
6.905553839982278E-13
2.0293437522460857E-16
5.123541605821228E-16
1.5636164054077748E-16
-3.395851451922781E-17
5.310190210666489E-06
2.9202630909719528E-18
-1.4736088521797986E-20
-4.707035673072297E-17
-4.93287695152619E-14
-7.231650993096467E-12
-0.5765818414482794
0.6353115241815224
0.7274655818513416
-0.8563445794019122
9.652100348015157E-15
-3.623481337157003E-13
-0.2517456865827895
-1.0804771923454938E-07
-3.4879295650368176
-0.7601802697244264
-0.6393239969736054
-0.12175447641266383
0.05948887762420105
-0.19015889239485645
0.5733942926858704
-2.1334363372217328E-19
3.5678232413613385E-18
-1.3956112442256207E-07
5.125889841251035E-13
2.8500221268780583E-16
3.3629612184615877E-16
4.6030600343946685E-17
4.8009877468525196E-17
5.560305926649016E-06
1.9937722831832612E-18
5.077862676943568E-21
7.634217063576672E-17
-6.544137623784125E-14
5.594217837077453E-12
0.5987342120590695
-0.2152751105945936
-0.16529123332854057
0.19444087637258933
-9.652100348015157E-15
-3.623481337157003E-13
0.18760230441868936
1.2838780217554733E-07
-0.3111339336676673
0.18941413507279936
0.4275172624956436
0.6173481018895055
-0.029651370627183114
0.3943111259949936
0.4720159443812438
-5.000254255718702E-19
2.563108113280299E-18
1.1769750107885644E-07
-5.322489250612175E-13
-5.063470169098011E-16
-2.2061525436544082E-16
3.2669558787296914E-17
-1.7787303897372602E-16
7.116062037920772E-06
-2.433959606274847E-18
5.7594995335758245E-21
-2.940441312554179E-17
-2.8590555818002376E-14
1.0524647437906656E-12
5.6232862039497325E-14
6.226466834563194E-13
1.023723639510805E-06
8.372766902666067E-06
-2.5576922132927555E-14
4.517781522308421E-13
-0.12855945632538604
-1.768026003035395E-08
-0.15428397256291984
-0.7320172760273713
0.9118290110021854
0.7037588443445154
-0.09899694609311223
0.11687741671491121
-0.049275082787758294
4.643552656616936E-19
1.9205209185974983E-18
-2.6977659253015503E-08
2.823409381488794E-13
-5.004527180648315E-16
3.720215988622379E-16
-1.4113280007535595E-17
1.4366225856862908E-16
-5.164512786546319E-06
-3.267792097146276E-18
-1.661456457374683E-21
1.9603409388805115E-17
-2.358012471946724E-14
2.1525956160875044E-12
-0.6557029544937334
-0.31514963172849986
0.9978563175636765
-0.452495115513845
-0.15698615567534951
-0.158316926978178
-0.8259659229317655
-0.4030827979524113
1.3109835854990168
0.38714420959833695
-0.5779510009797849
0.1186478346538079
0.8263811423655889
0.020167347783551063
-0.08671988738465826
-2.4785900063815355E-19
3.3495082457985734E-18
4.3505789510304186E-08
-3.1114025473936244E-13
-1.4828126984797746E-16
4.518537688997933E-16
-9.560565567908066E-17
-0.7221462646236623
0.4070809508082647
0.25232965309449806
0.027354985105265486
0.21622476971069596
-0.061850911037218986
0.8328136504937558
0.6693141266574527
-0.4595160487823315
0.07498799446918092
0.768612784179332
-0.18191516328236457
-0.9986895444186512
-0.4247940015048737
0.029673915631539538
-0.1509910008892128
-0.879497993458886
0.31987136905063074
0.22712188947928702
-0.7528307851746474
-0.17329175085390336
0.37123871924390106
-0.6710518574345166
0.01886386399256712
-0.2114930892025786
-0.5453288981943312
-0.611341420861502
-0.4681947691227147
-0.9321909965814575
3.395851451922781E-17
-5.310190210666489E-06
2.889764418336131E-18
1.4736088521797986E-20
-3.696978982829203E-17
-5.5288244510796667E-14
7.231650993096467E-12
0.09677175235032376
0.7637074866251817
-0.25270575072704227
0.4117616403936104
1.4353597403311726E-14
4.911357692522884E-13
-0.2517456865827895
-1.4191663829841783E-07
-0.46938792828748155
-0.20724617641958404
-0.6840797380962056
-0.03016332131134236
0.18776606312943334
0.49717144971999344
0.9738729596745075
2.266235329855694E-19
-1.682353117201331E-18
3.5216919110992955E-08
5.624606424718169E-13
2.1856423049268234E-16
5.716158149682657E-16
-1.7485624980655378E-16
1.1201869245639027E-16
-8.382328045745262E-06
2.363507390395235E-18
6.6399417985687454E-21
-1.260061823210581E-17
-1.6386631524026643E-14
-1.2302494405112398E-12
0.18090238450745846
-0.578677623644333
-1.017354416374075
-0.8000536124198621
-1.415704947169531E-14
6.907668755358477E-13
0.10250218836387918
-7.85876188830607E-08
-0.24998359246312096
0.7064708790120023
0.0407504721198497
-0.5976344741820918
1.2074082148958794
0.042373628339772706
-0.30543822184814884
0.3558578456247853
-0.6250343228026253
-0.29433340701477984
0.03492873329769412
0.26303766537501166
-0.8911881216312282
-0.5758534783413866
-4.4072129626326594E-18
-1.8848612593786576E-05
-1.4881127188326188E-17
-2.5965798971886958E-21
-1.7526003300193817E-17
-3.6324105953476236E-14
1.653746581372593E-12
-1.3740841723367763E-13
-7.536104475521526E-13
3.2444799758243236E-07
-8.59886474282359E-06
-2.4344589202604995E-15
-1.434851933809376E-13
-0.09081560478862948
6.684427117233701E-08
0.1217258770568484
-0.2050650476843305
0.556713401836787
-0.4892078178964506
-0.42212933655331275
0.9290706073403152
0.6617433147965099
-2.1841223743532266E-19
2.722723441059253E-18
5.1984667615751595E-08
3.205735738838674E-13
1.2727413511116967E-16
7.119558534823046E-16
-1.173201525467385E-16
2.2132855455983724E-17
-2.4429315111023527E-05
-2.3466221619398875E-17
2.2973454721338325E-21
5.2806752564886836E-17
5.706334073866594E-14
-2.8759791336405267E-12
0.1888978411849939
0.24729505622026077
0.2994810533354544
0.5082872143592356
9.652100348015157E-15
-3.623481337157003E-13
-0.2517456865827895
1.0804771923454938E-07
1.5748494912085091
1.0599497492200007
-0.7256526723784152
1.3095219242141618
-0.696287896199839
-0.2341412973775143
0.03076605772558235
-4.1301439779147976E-19
3.251601478976881E-17
-1.1771903170733369E-07
-8.849419836028494E-13
-1.7937361649914038E-16
1.9912195025567306E-16
5.067412697357479E-17
-1.5738511389817736E-16
1.1131126736237836E-05
-1.622098972031972E-18
-1.1077617066053312E-20
-1.1985390053887105E-17
-1.2563948512986569E-14
-1.9514137868732716E-12
1.1222076168181807E-13
3.0221718890760377E-12
-8.376502591883097E-07
-1.1361394021023488E-05
5.997838273712953E-14
-2.1376158332722825E-13
-0.24723526162133969
1.6393886312629592E-08
-0.03670801968574782
0.3886416985653905
-1.6759185310868048
0.41181498339060374
0.4300112465105253
-0.13259080715357194
-0.767756471623433
-2.9270559799560375E-19
2.359750648754153E-17
2.4237577507748907E-07
3.0716493833239285E-13
5.845539780428875E-16
-2.7056376809091457E-16
6.467729151274414E-17
-0.6739686975923931
0.061407789094519515
0.14320294058681038
-0.2878803175745708
-0.36312213701758317
0.35785969284208624
-0.14605988175772788
1.2926370906432456E-13
1.0064662332680756E-12
-8.306773433106193E-07
4.822264248695848E-06
1.3538527889698239E-14
-3.751782441352806E-13
0.05629995430942532
-1.2589601296682574E-07
0.5713432136163481
-0.8862237694297348
-0.9017025392406304
0.8374266754270712
-0.6622679249751477
0.40316844618935144
-0.5859671555048829
0.3750534020464522
-0.3686573226973029
0.10380828867121811
0.43292895927520186
-0.38661611085972036
0.3275508877772071
-0.3517700744161238
-1.281010494913399E-17
-3.593829114668882E-05
-2.780577729276767E-17
-3.2807371831727196E-21
-5.648138357671469E-17
3.530174111624496E-14
2.128450173142214E-12
5.741373502609722E-14
3.0707657096820954E-13
-1.212733981367427E-06
-9.396315984324546E-06
-6.3521001477567E-15
5.113012060840313E-13
-0.1718924667949113
-5.451207804164632E-08
-0.3740178703975787
0.7126619185557406
0.7569762643398141
0.36079465885630446
-0.5088021733410093
0.8300448731798915
-0.6901424136592563
-3.949818807422164E-19
-2.5656528099085405E-18
6.72602978214948E-08
-4.762265979233912E-13
2.7967567691533123E-16
-3.9894009395269827E-16
-2.0013927449479683E-16
1.1583574200227608E-17
-2.251469185047433E-05
-1.1173649752007084E-17
3.7910478279187224E-21
-5.2806752564886836E-17
-3.497974421783748E-14
-2.5382238657616736E-12
-0.009989197926935756
0.38255559916271786
0.89219118799391
0.5894909710366718
-9.652100348015157E-15
3.623481337157003E-13
0.2517456865827895
-1.0804771923454938E-07
0.020688429465747005
-1.0480472885379568
-0.4128692653162058
-0.8744580363049769
1.2980610297916737
-0.7340471615423064
-0.8940749330431104
-0.29866390048852354
0.030437603321667846
-1.0212625133819964
0.8052611898089859
-0.9835443852130326
-0.024275838480198653
0.5414577949870869
0.22225484267236295
0.47621548495711447
0.5430427888809839
-0.343640182638016
-0.6986293178976863
0.17509988408065125
0.5550844405200822
0.6336635152177934
-0.7357488366681226
-0.8756254297148178
-0.42003967618993476
-9.652100348015157E-15
1.9539418773879638E-13
-0.2318078378298877
-1.0578491735350718E-07
-0.11636772444335008
-0.3552059188727119
0.5189019940597698
-0.6010788169061854
0.021172122837874285
-0.39471870239961127
0.23682623315622875
-1.3809564134746344
-0.46685994691124844
-0.7850891250552237
0.7205666958554301
-0.28525159576902026
0.42449810005669675
-1.0254914313407348
1.4049467782355605E-16
1.2290060585626721E-05
2.740982506745002E-18
9.35322324456752E-21
1.680924231663575E-17
2.2986665875271857E-14
-1.214682985859684E-12
0.08459337397727837
-0.029158973045627055
0.09859549349998159
0.012619912250608545
1.415704947169531E-14
6.023033713636278E-13
-0.10250218836387918
6.663755349842893E-08
-0.04314631210146043
-0.0733609709441998
0.8305953487050789
-0.47076577857395563
0.8624594046261423
-0.018811555466461863
0.13560602631798713
3.0008025219571123E-19
-1.1362260521292005E-18
5.380455976647007E-08
2.4409639261697307E-13
-1.369203353277335E-16
-8.805658362101771E-16
-1.6435330629368908E-16
1.5376634287680566E-17
-2.7752854143429597E-05
-1.961241069700312E-17
2.81686374467629E-21
5.2806752564886836E-17
4.0398084214510795E-14
-2.8332653265599546E-12
-5.741373502609722E-14
-3.0707657096820954E-13
-1.212733981367427E-06
9.396315984324546E-06
7.210087899784098E-15
3.7356011644742396E-13
0.29319945108785883
6.05313290748021E-08
0.13567651489412413
-0.4073279579561731
-0.22019501495311333
0.22157915375031528
-0.6985144300323225
-0.04533571476556896
-0.6361956259032878
0.3107012887263711
1.1677759351018602
0.568852620098343
-0.172513163785627
0.41152896454947907
0.563887402677428
0.20455323476891124
-1.1126058494480668
-0.734435182101839
-0.5541049922357009
-0.2099899151458255
0.8367044386526042
-0.5215838792489709
-0.06591174076589401
-4.6051686899133325E-14
2.569029702933462E-13
-7.96622103707416E-07
9.396315984324546E-06
-9.652100348015157E-15
3.623481337157003E-13
-0.2517456865827895
1.0804771923454938E-07
-0.677135936783135
-0.20052495550351435
1.6220355223377732
-0.2836791087752507
-0.011445706308029106
-2.7334522753324064
-0.2587229965427765
4.643552656616936E-19
1.9205209185974983E-18
-2.6977659253015503E-08
2.823409381488794E-13
-5.004527180648315E-16
-3.720215988622379E-16
1.4113280007535595E-17
-3.4301615635752263E-18
-1.4941014931027988E-05
-4.2043818742716926E-18
-9.85084908835386E-22
1.6804198802375482E-17
6.494201174445696E-14
2.0598094832891095E-12
2.1110017353714197E-13
4.503312772544688E-12
1.1142341701323944E-06
-1.2898482461854041E-05
-9.652100348015157E-15
1.9539418773879638E-13
0.25909459138672797
1.1188473354661321E-07
0.8914896057186654
0.24560744788841915
-0.9284370260188743
-0.3800966833814363
-0.4449318550917911
0.9605862856584795
0.42142993760733893
-0.4456436710797935
-0.5349549236345216
0.2480922753751561
-0.6261309713245077
0.8266735965069667
0.42970114767957157
0.20320895268978295
-0.1216003256289917
0.28138750303260945
0.5353277494610146
0.4319278651972478
-0.4956685963143743
0.2076011198693153
0.18119460437879698
0.16830904458701235
0.6347556202188012
-0.441658006166213
0.44756770319206507
-1.4209143244861805E-14
-2.2702134120350784E-13
-0.18550597722053302
4.439531779933414E-08
0.22287104273547134
1.314263476058066
-1.4871947894352877
-0.3234476970092836
0.8629243737151788
-0.7285149609768456
0.31059736679203004
1.7403851078253443E-19
-2.8247050533887906E-18
2.9201645286624218E-08
3.621442477401447E-13
-3.596039506123041E-16
4.245918414597131E-16
-2.5492624429747873E-17
-3.592775561744117E-16
9.793631556239728E-06
-2.449217146734751E-18
-9.552877493999626E-21
1.0657840280219067E-17
-3.9763033063987054E-14
1.2158349478656253E-12
6.374135261785975E-14
3.3974868265912645E-13
7.190405481863822E-07
-9.911596433603277E-06
3.13544204265908E-14
1.978848669002823E-13
0.12791727615981924
-1.6393886312629592E-08
0.06642826373141268
0.6894817527390454
-0.17577800997478504
0.7288778708209992
-0.9641151152581413
-0.3263846595070118
0.14549974431552254
-2.884645325029742E-19
-2.24283367560965E-18
-4.2683336750976956E-08
-4.762265979233912E-13
2.0293437522460857E-16
6.178810834997629E-16
1.0979611436745384E-16
1.9361234749331354E-17
2.477709818755919E-05
2.0384626781327066E-17
-1.8482699249706403E-21
-2.6644857948728948E-17
-3.867511054501206E-14
2.4761501259347155E-12
-5.741373502609722E-14
3.0707657096820954E-13
1.212733981367427E-06
-9.396315984324546E-06
-9.652100348015157E-15
-3.623481337157003E-13
0.2517456865827895
-1.0804771923454938E-07
-0.2636897299145721
-0.32936847172053835
0.07511424545084709
0.20838668072115318
0.15992625727596796
0.03255559089230266
-0.5710713202844844
1.2242559073194507E-19
-8.008792147566134E-18
3.327240965036809E-08
-3.621442477401447E-13
3.648156197471864E-16
-3.8222672863311956E-16
3.0640398601743065E-17
3.844596157420699E-16
-4.597651105593544E-06
-1.8489687939797826E-18
7.647001386850825E-21
-3.073871629196962E-17
-2.1991827246888155E-14
-9.803173034749155E-13
1.1249514615773927E-13
3.0576191805407013E-12
8.999208149504242E-07
1.1361394021023488E-05
1.415704947169531E-14
6.023033713636278E-13
0.10250218836387918
-6.663755349842893E-08
0.34229075537662645
0.3104506275053085
1.004838478056724
0.29833894084609835
-0.420006781189194
0.5594790600978521
0.174362346286279
3.021164980570135E-19
4.354433034017989E-18
-8.588381814860444E-08
4.270651558481374E-13
3.590649741576609E-16
2.0704701569654414E-16
-2.1759402907767747E-17
3.844596157420699E-16
4.597651105593544E-06
-2.6173452281924982E-18
-4.0279223308262755E-21
-3.073871629196962E-17
-1.831776703482612E-14
5.075179696540822E-13
-6.374135261785975E-14
6.948677237354165E-13
4.065107092969367E-07
-1.5767986647896617E-05
-1.835353897333085E-14
4.517781522308421E-13
-0.17511670674484267
-1.4168303195905066E-08
-0.7548788769394672
-0.4222475187399893
-0.10499146840857712
-0.8599782778085424
-0.8626786595736623
0.8730037884979418
-1.1685106060659816
-5.256980432306408E-19
4.366873870901162E-18
1.3956112442256207E-07
-5.206518179673923E-13
-3.9758293317325034E-16
-4.585679520744553E-16
2.6189915394303803E-17
-9.19652456096537E-17
-9.799095327460058E-06
2.534309993885078E-18
6.223326229180248E-21
2.1281593637071813E-17
2.8672186391621354E-14
1.2497713538854475E-12
1.3740841723367763E-13
-1.9159213448669765E-12
-8.696628866130857E-07
-6.6473805315696185E-06
-1.7919519799819877E-14
-4.517781522308421E-13
0.06657427052337415
-1.768026003035395E-08
-0.5631234349931963
0.049551576921680454
-0.15697298321912112
0.21888463001871084
0.9648108432215785
-0.9661891876968696
0.9457681312260193
-2.9270559799560375E-19
1.9955119223050422E-17
3.162489436265601E-07
-2.0566682565126857E-13
4.0053931893001783E-16
2.8090903855476904E-16
1.8686377325361372E-17
0.49659273642169866
0.38443914171765536
0.2901626206551249
-0.5881380650913692
0.4642369719962234
0.47295383427168414
-0.5858532465811652
1.2926370906432456E-13
-1.2370201558951016E-12
-8.306773433106193E-07
4.822264248695848E-06
1.2749229376315684E-14
-2.429157920110492E-13
0.05629995430942532
-7.990666499548467E-08
-0.13793827375777978
0.1470555766296824
-1.15357467462194
0.24524623909268076
-0.6814606565070314
0.011192673136719643
0.19091834000103214
-1.033988900613392
0.2961724081986116
0.8759833836455924
-0.1054474517038293
0.6395650978032636
-1.1775557736918345
0.9865772665656463
0.6663225480938936
-1.2357292719086386
-0.4504781077737254
-0.4827041094096116
-0.6186419675441676
-0.01692626774314469
-0.5649788548767067
-6.659079971938948E-14
5.821538131075473E-13
-1.4542918002653554E-06
1.3251491346056051E-05
8.76420081027415E-15
3.762639443725187E-13
0.2517456865827895
-4.504165181465721E-08
-0.7155766053536722
-0.7034061829276276
-2.3344593678830767
-0.6158185568371307
-0.19471256036132112
-0.19724933932418154
1.2229803491267923
6.870100602925909E-19
-2.5494709120787386E-18
1.9955663953536504E-07
-2.60755363505634E-13
2.1179152053232769E-16
-1.7299737855450595E-16
1.3758169374938111E-16
-1.5738511389817736E-16
-1.1131126736237836E-05
1.622098972031972E-18
1.1077617066053312E-20
-9.041147525600684E-18
2.3202629797057272E-14
-2.030632996332139E-12
8.391255498463885E-14
3.8920274157438137E-13
-1.2315955868995232E-06
2.0983381067712472E-05
9.743094563910714E-15
4.473551143434551E-13
0.10250218836387918
-7.346813781832049E-08
0.5222039167487367
-0.7699921307059152
0.7679855353440328
0.7801230348382149
0.6883618527345057
-0.2971365807414501
-0.9061908161393821
-0.7359334240977369
0.32792851617013175
-0.9411881360944858
-0.8392652403032081
0.4789514463052893
-0.6367861474317091
0.9380793517200681
0.6043918330372593
-0.3504933347944632
0.37105145283756324
0.5351885442341073
-0.4989621585110815
-0.7866257707727211
0.5164025115037745
-0.2320195032853931
-0.0727962248723546
0.32414143867425804
-0.0847532722324642
-0.12867992469019973
0.3376340355920431
-0.9035323518005587
-0.38387335452142635
-0.9453533416696112
0.9747933057907276
0.03971373020755786
0.7673037186432963
0.25110374736224306
0.8702202604942288
0.4716920384881145
-0.8218720624700839
-0.19393038386395145
0.7009794880348001
0.7554043588752137
-0.5180398843454161
-0.9951167495256665
0.5855209380460678
0.7443025351348946
0.22791851088549397
-0.6384650078201073
-0.3652541247346863
0.3124671709830493
0.5811492609664644
-0.7290792215607453
0.5346809099276755
0.21935553322525547
-0.8061537038966935
0.5872756180391805
-0.9381363598164889
-0.46565468167487967
-0.46404082859608287
-0.9527097885741964
-0.6698519069625124
-0.11519977988249641
-0.4366875995964208
0.2193085139796105
0.5878994083118083
0.18863388638665146
-0.9706977572769788
0.9177757983129446
-0.006408008302511092
0.9366512637308559
-0.9698758258926627
0.8732431430053196
-0.32552462413647243
-0.1243617448769776
-0.3152018933054437
0.18099112563240127
-0.09713153995194168
0.43014160978807436
0.5516094437249983
0.07797813730581193
0.32170084954110023
0.9434265450283914
-0.37746573549863194
0.2113678606854159
0.5176296985512832
0.1914108756987274
-0.5953218540913208
-0.5356236194789774
0.6415651799253721
-0.7097182750515834
-0.05919729618290481
-0.8545650920234125
0.4651697710261449
-0.37520055887907144
-0.6567403072556337
-0.4210157809406667
-0.6690147694346011
0.4430946954055952
0.3321858075850834
-0.3968401265561048
0.17735168254308475
0.310616260291406
-0.42876784178649907
0.24160409955587925
-0.92687258029052
-0.9518893622607041
0.634007128266771
0.789437656068035
-0.16101304473923395
-0.9779291633357861
-0.3732163263733097
-0.8585541870902855
0.7099327581829911
0.8254391476900103
-0.8343524896588899
-0.7301684642995325
-0.05944465082762629
-0.5428390526547759
-0.08430434723391533
0.24401208252578166
-0.1528311709999881
0.8624743841647262
0.12877776631153015
0.3173479349854431
-0.5964088909311429
0.9314238146626226
0.2927859993332591
-0.9691373563048322
-0.195198758803238
-0.1581145787509295
-0.17284127081387868
-0.045106913843052876
-0.5420446914550268
-0.9522158102310445
0.7985980359327958
0.9934895783007591
-0.9117643132923401
-0.6538001979814554
-0.5116066866953317
-0.26299128073782185
-0.3232304128413075
-0.9804493997685857
-0.31197866954641285
0.6084230538988142
0.4436015643044835
0.1473854935341048
0.23800729559303635
-0.40201790102214896
-0.8018644781128488
-0.5984899419465493
-0.6823519490004626
-0.8739121084698063
0.9907957790828001
0.929946053084066
-0.0749956338149429
0.6888496787665057
-0.3120393201833811
-0.8061636388312325
0.5378790494184496
-0.7725416761509987
-0.39839599260238123
0.5778787599582476
0.31706816033682883
-0.2043220700105164
0.8981002599962291
-0.21206242128272668
-0.1264351790717677
-0.7508150138994121
0.23297210514432587
0.40697078947351706
-0.584556709126564
-0.19214413996849333
-0.6966142002279283
-0.7367128475388824
-0.16866521459057893
0.6392439818762694
-0.2729849471523369
-0.10410411259510743
0.2535162281852297
0.6822918469792771
-0.14908501399359997
0.44620394084781223
0.061826902871563005
-0.6538243394373027
0.6575141415186212
-0.10386676024629282
-0.15783494600335812
-0.2871846362391999
0.3206362345544187
-0.14724191349606874
0.5960226145159284
-0.13620043994467412
-0.21666351359399538
-0.7393850453103012
0.659534964048113
0.0403823285606848
-0.01791166856544235
0.7031424779611597
0.018271101125175493
0.6213488667633964
-0.7579580954178673
-0.5995761941946327
0.5826732203532288
-0.6899712036584689
-0.9597915281708447
-0.15092870793368274
0.024538898241309504
0.22527223764955506
0.2867348472603879
0.3522330678132377
-0.433267997533898
-0.0054713674862547634
0.9789793690782815
0.846853118579074
0.7682397246866737
-0.7465665628351281
0.6334138769721072
0.14826948508737714
-0.6201439871585683
0.6830816626432408
-0.21614760162295288
0.7780340630795648
-0.011391711524773918
0.623920817807496
0.7190818848721596
-0.4736730694199123
-0.3601966639303722
-0.9281925987298743
0.19462908001137125
-0.07626097680055222
0.7685314403315104
-0.8483554063128158
0.7392193665532383
0.5035039772859085
-0.9227003844288377
0.3956003102990633
-0.8453825275264111
0.39944420652358525
0.1639536162984072
0.296933834141756
-0.8562403575260589
-0.1705539188307985
0.4822614381340482
-0.5741515995273427
0.4733719165906076
0.811509295475662
0.16373930340592002
0.4948796964736437
0.018351417392332703
-0.9477298566537071
-0.608044894559246
0.8947464983530422
0.06456976083171306
-0.6528924276418409
0.3594064427916197
-0.8437962373271892
0.6355597715524786
-0.4161104932634627
-0.32339777942991277
-0.22079001464800352
0.7668937631096371
0.199338131630582
-0.8778121833313386
-0.3293702735765476
0.4210938797687773
0.6300597535118115
-0.3444785052571888
0.09208692335240354
-0.6888626378282519
-0.620935257132667
0.0995679810850032
0.6036501400068213
0.5370184602242605
0.7114464746431017
0.6549293643952541
-0.4957463042491512
-0.8020398537856357
0.87554357170133
-0.13021419603709306
-0.7359078683392513
0.8374847851838527
-0.3143647252686306
-0.30126868994275724
0.995027357886237
0.41022725901971935
-0.5540847472092345
-0.06255629027046106
-0.6316488530663888
0.4190950225587713
-0.3157812945696663
0.4463230074283633
-0.6432788479183298
0.8887588773029893
0.9330533631237563
-0.9140598313106734
-0.25484517674357776
0.1180920555586511
-0.8738696903927692
-0.787233997669734
0.3940898436702698
-0.6474448499225383
-0.6936317810962431
0.43991248784196846
-0.04231494269861935
-0.25453853935955184
0.9133302413287427
0.4376700348834428
-0.4045626877767572
-0.6882875125760546
-0.1379737842571751
-0.5747565265406036
0.8240567259108151
-0.14835477137847053
-0.7925048498589466
-0.45462543043418413
-0.30170222032178495
0.3035805753428231
-0.28753393485214684
-0.5709886877286017
0.3765959341493059
0.4778512304643139
0.8227443075703453
0.31570688865199403
0.5230642871157738
0.7731601905247059
0.3677166660485671
-0.8636252851237711
0.9152875282613355
-0.032746123271879535
-0.10094292653304149
-0.13940924224832174
0.9861228786333436
0.3014935277136286
-0.05698619102300362
0.9076098475610024
0.35684116518582365
0.4382826557895283
0.33441041425313167
0.2648488396919946
-0.6510625662952019
-0.6766079156888503
0.6766201087395838
0.7307306750804723
-0.24338621807995708
-0.08049551061401594
-0.5544191773153921
-0.6722635669769232
0.8809403268174463
0.9508024962452466
0.04359118875153767
-0.10472589479842687
-0.08277563971851443
-0.11599663453520681
-0.9639742511474754
0.5790126207854835
0.639923109153294
0.4080153606680246
-0.850474180850489
-0.8612510224760028
0.33531662543571983
0.5408945122675859
-0.3495093813851222
0.8859156152602068
-0.9734860398862095
0.5525229239821849
-0.6715805959083094
-0.5066217368334465
0.6275282252670726
0.11639130868784009
-0.23585708207397604
-0.8537142531529114
-0.006390519229319436
-0.01571583548369726
0.8717510039025214
0.8779809295640955
-0.47712642399961447
-0.5220839384365878
-0.08274292392437399
-0.46242924352420967
0.10122432527140579
-0.8289948541709149
-0.8844201427625611
0.1148764112506313
0.1305363089815208
-0.8447373835759566
0.41618967423143816
-0.6050675089773669
0.7807947414315815
0.2314059554739476
-0.327259738472536
0.12802506593687357
-0.28693263309613193
-0.06664200690168398
-0.5982077998153361
0.9838128314961723
-0.7034035381998909
0.6426800679014208
0.9303403550203011
0.9806118752370341
0.7672621804463189
0.19634021628992349
-0.8747698136448148
0.18768068865695975
-0.47654904223745254
0.4942155394300576
0.3794660707063797
0.621740967423269
-0.7102052456425556
-0.6815553281519187
0.032960429549322656
-0.687712369089343
0.5549279612252709
-0.2734179047381584
0.45790395509495285
0.36193779159053663
0.6836789790040643
0.5146037806945867
-0.2199385512719383
0.8673203421554945
0.8183890472070694
0.8327676738209444
-0.10550046823477932
-0.06348229714768405
-0.5931557220072596
-0.5764436919074201
0.7142506734426866
0.04240285088081985
-0.9146964345888826
0.28346050284849533
-0.25936379734754755
0.405851605724985
0.8335708516455596
-0.5652719962104056
0.0029033205889603675
0.7903470333295133
-0.0678447724526079
0.04257931866957376
-0.32711922995138965
-0.5528175463564438
-0.026107441053536018
0.15658271384148748
-0.7677533951817117
0.8583393977289697
-0.9534590023462559
0.05659673885178362
-0.28992372673687994
0.5587684568337721
-0.07913905609970251
-0.844572400086854
-0.4371396920317703
0.5636169401914815
-0.9735624211005351
0.8673995168476303
-0.8130278268592745
0.07658946502482622
-0.9519627862500546
-0.7105513610797587
-0.7201772121302603
-0.26476446435932033
-0.42741198132201186
-0.7651408923849747
-0.7609646961253889
-0.8892224718845052
0.8891461127049454
-0.2699029941889106
0.2263017577759514
-0.4769833417883762
0.8890348530754029
-0.9720899879755873
0.21957090010636282
-0.6427494226266004
-0.9152563736361163
0.23883189797421345
-0.6658954588104855
-0.0025550525191078144
-0.7106385823607393
0.30302825122545474
0.684760243576731
0.9141110325250019
-0.052237996114923524
-0.446456621321182
0.19253990175803315
0.7303272314320681
0.7326292721387744
0.1181207975580183
0.7538143336238581
-0.16977655403390024
-0.9092281988248694
-0.07512886209113412
-0.6980130359633605
-0.6272022697214155
-0.40656303088584367
0.38481674127022925
-0.9454495505668414
-0.4442462564791678
-0.24928553242918094
0.7834033218154428
0.09651828917882854
-0.5108939233250929
-0.3659453489306643
0.3164913246163261
0.11455061397461042
-0.2660541328368722
0.11097023801245953
-0.3130258646040205
0.7648205685149831
0.3694586978353174
0.34816924963540985
-0.3203052084537361
0.34876298722738475
0.04959888778838817
0.6225513191182053
0.9637484809634065
-0.295382151015664
-0.120838833682958
-0.8000152856718026
0.10827923598743028
0.7820210637346492
0.35961145352890145
-0.4182859887811696
0.34260388240899897
-0.3413354506046835
0.3330610495067876
-0.3713907720816425
-0.02974894380114579
0.24247314655920849
0.3005858142503268
-0.5067315770103289
-0.9846619610637606
-0.7034500236643655
-0.8632560318546914
-0.33292417688431364
-0.8924006796488362
0.34602609654747707
0.428014978278662
-0.8673826763808945
0.20748625595318426
-0.32775393904439754
-0.33356974565639086
-0.03104188589090673
-0.3778632582537611
-0.45144971201286643
-0.41951080227862914
-0.5883172892468047
-0.6650816253070191
0.6735441948295027
0.5681852928122517
0.9701725003233161
0.05560087134038927
-0.8517491083165585
0.6474889849371126
-0.8423004522242943
0.9236246454023127
0.003197834197240068
0.6309460806465981
-0.6863203086949332
0.5381193032061451
-0.689812128770732
-0.7244954483265087
-0.382141701053174
-0.4437569641672885
-0.28454256280103474
0.24796759759278508
-0.7106202309735816
0.39257095867626757
-0.7471459352419165
-0.9898615775601156
-0.47405456520985756
-0.8723379027562304
0.9071353219111671
0.9871667511767053
-0.07525470095817233
-0.3433648546798582
-0.32645777868721293
-0.33002507728407204
0.3027260725129095
-0.8299409140495733
0.19960293175928223
-0.8701132062231784
0.27625490433751976
-0.2711074187231233
0.050850767571421374
-0.802424635134934
0.26321032760419416
-0.37096819780349777
0.4469248718977923
-0.30212879008290483
-0.9657093438742137
0.022910570725275248
0.33302160497620026
-0.16403029882820674
-0.12797023748626102
-0.0496024672905504
0.24419145649337448
-0.6903158498942072
0.8126172883446665
-0.8988830822901377
0.07838279656810254
0.33248000906209074
0.2151104417419203
-0.31438756563982495
0.9678181566208459
0.3994581815335907
-0.946599920528342
0.9413241096577429
-0.9018855610748946
-0.5516145775613774
0.27321615045851555
0.8588477010771107
0.16192926696326926
-0.3882259119781619
-0.6979908502545413
-0.7232068036574266
-0.873686733337268
0.9742565419578468
0.9917577016614929
0.9103330652705142
0.7576062781248489
-0.49064350768187226
-0.09617744993406219
0.15875169622485186
-0.6197467213273025
0.16681859862222082
-0.5239541314312013
-0.944124663270977
0.8257076095668587
-0.061407726431148335
-0.8737079161297725
-0.7443066427203395
-0.2863801166055444
-0.5951607325177624
0.9167702344239692
0.09367993984919809
0.785710654950468
0.24868698589735683
0.15699949157478943
0.947334422975252
0.006525065643619543
0.5718842082312432
0.6794543370184252
-0.28831172035632346
0.8124447727725594
0.9114813471480203
-0.5086406085852786
0.7223000927914149
0.39320712192841323
0.29163266032540913
0.8849242589546091
0.8649318663173842
0.5581712438805337
-0.7905727513767979
0.0453617976504741
0.4538800620004009
0.44740697546350816
-0.5384031650441388
-0.43564741359153625
-0.44504886160936796
0.6984377663295853
0.17463674216730762
-0.5462892859941475
0.5357912196914651
-0.08959995160113943
0.8458403317733993
-0.255918228981719
0.6816286334345989
0.13404438139879393
0.18457180720146016
0.6004060550258996
-0.5105180928969004
-0.5043393604654731
-0.026747258616046876
0.4419527339460354
0.9823112945646852
0.3466294596328343
-0.5602690395317669
-0.44892396527656664
0.9601739556154341
0.7036165598099373
-0.4431870712116628
-0.4482021933443461
0.788685514574617
0.51178661419202
0.3104014007342466
0.028591481912582983
-0.6890754755834831
-0.23942008084444533
0.25065285937200343
0.9143198462359037
-0.4377615056049251
-0.8516783132665158
0.2941884524647209
-0.25469450348592027
0.9715077923153999
-0.2865411523905028
0.7760580057755555
0.0966197906558175
0.4033252036024073
0.6642163023935514
0.5413845288236048
-0.7423573500229157
0.9290722589199356
0.868199419077516
-0.8638818722490194
0.3279195924181
0.4865372676095032
-0.6963213967035169
-0.2874637568154701
-0.9546863903013807
-0.9921554486429833
-0.284107619662364
0.20857182242112593
-0.33449377301872363
0.9543732956304449
-0.7263659312109401
-0.9537467177199337
-0.6586421157565991
-0.1783555746237131
-0.38500251292572996
0.85715272094124
-0.47268229343160595
0.21959074249743038
0.7738315854012783
-0.1559939020314216
0.16939873877175304
0.6227130665948033
0.3997964353278487
-0.4115168661398396
