1235
1374
1587
1158
1895
1807
978
1144
1185
1186
1720
1628
1514
874
2086
977
1325
1950
1794
1438
1641
995
1545
1110
1357
1225
1225
903
1119
1146
893
1366
1664
1476
1596
1732
1328
1502
1863
421
1233
569
1878
1935
1296
1107
986
1162
1095
886
1274
1644
1606
1366
560
1223
1928
1873
1493
1061
2554
1145
1458
1676
1574
954
1035
1667
950
1460
1486
1388
1151
1083
984
1312
1283
1533
928
1785
963
1336
1078
1057
1361
1184
1308
1384
1879
1165
1218
1189
1596
980
929
1080
1646
1434
1170
1248
1067
563
940
1644
1068
987
1282
1348
1580
1169
1283
1751
2141
1489
1230
1453
1506
790
1811
1412
873
817
1831
1533
1242
1669
629
827
1292
1989
1672
1128
981
1823
1179
1402
1732
986
1689
462
1591
928
1150
1434
1717
1921
1959
708
1440
1133
1038
704
780
1027
970
1611
1175
1378
1318
1212
1562
1419
1435
1526
1513
1066
1524
1693
1202
1923
1756
1058
1406
1163
1355
1836
1091
1550
1530
1075
449
1100
906
1742
1462
1682
922
1874
1713
1132
1865
1358
657
1575
1161
1865
1063
1323
1097
637
1161
1281
1075
1754
978
1428
1156
957
1478
1458
1188
1247
1313
1666
780
1607
747
1522
1673
541
1421
1268
1690
1024
1079
1060
1107
980
972
1255
1810
1345
1132
1602
1687
1024
609
726
1236
1869
1110
1431
823
1653
1268
1507
2074
1044
1069
726
1417
1282
1429
1126
1412
1181
1313
902
1403
1809
1298
2749
816
678
955
1108
1509
913
844
1179
1205
1143
1023
1325
994
1771
1422
1037
998
2009
826
1130
1033
1698
1519
1479
1102
1092
2267
1088
911
1888
1256
1862
1179
991
1659
1340
1160
1355
1934
836
